000000
ff0000
00ff00
0000ff
ffff00
ff00ff
00ffff
888888
ffffff

q
04400
00400
00400
00400
04440

w
04440
00040
04440
04000
04440

e
04440
00040
04400
00040
04440

r
04040
04040
04440
00040
00040

t
04440
04000
04440
00040
04440

y
04440
04000
04440
04040
04440

u
04440
00040
00440
04040
04000

i
04440
04040
04440
04040
04440

o
04440
04040
04440
00040
04440

p
04440
04040
04040
04040
04440

Q
03300
00300
00300
00300
03330

W
03330
00030
03330
03000
03330

E
03330
00030
03300
00030
03330

R
03030
03030
03330
00030
00030

T
03330
03000
03330
00030
03330

Y
03330
03000
03330
03030
03330

U
03330
00030
00330
03030
03000

I
03330
03030
03330
03030
03330

O
03330
03030
03330
00030
03330

P
03330
03030
03030
03030
03330
